--------------------
Loop i = 0
Xsample: tensor([73])
Fto_vec: tensor([[0, 0, 0, 0, 0, 0, 0, 0, 0, 0, 0, 0, 0, 0, 0, 0, 0, 0, 0, 0, 0, 0, 0, 0]])
Ffrom_vec: tensor([[0, 0, 0, 0, 0, 0, 0, 0, 0, 0, 0, 0, 0, 0, 0, 0, 0, 0, 0, 0, 0, 0, 0, 0]])
true_node: 73
true_node_prob: 0.020899098366498947
node_nll: 3.868049144744873
best_node: tensor([42])
xxxxx
Edge loop [j,i] = [0, 0]
true_edge_to: 50
true_edge_to_prob: 0.9997244477272034
fto_nll: 0.0002755902532953769
true_edge_from: 50
true_edge_from_prob: 0.9991657733917236
ffrom_nll: 0.0008345747482962906
Fto:
tensor([[[ 0, 51,  0,  0,  0,  0,  0,  0,  0,  0],
         [ 0,  0,  0,  0,  0,  0,  0,  0,  0,  0],
         [ 0,  0,  0,  0,  0,  0,  0,  0,  0,  0],
         [ 0,  0,  0,  0,  0,  0,  0,  0,  0,  0],
         [ 0,  0,  0,  0,  0,  0,  0,  0,  0,  0],
         [ 0,  0,  0,  0,  0,  0,  0,  0,  0,  0],
         [ 0,  0,  0,  0,  0,  0,  0,  0,  0,  0],
         [ 0,  0,  0,  0,  0,  0,  0,  0,  0,  0],
         [ 0,  0,  0,  0,  0,  0,  0,  0,  0,  0],
         [ 0,  0,  0,  0,  0,  0,  0,  0,  0,  0]]])
Ffrom:
tensor([[[ 0, 51,  0,  0,  0,  0,  0,  0,  0,  0],
         [ 0,  0,  0,  0,  0,  0,  0,  0,  0,  0],
         [ 0,  0,  0,  0,  0,  0,  0,  0,  0,  0],
         [ 0,  0,  0,  0,  0,  0,  0,  0,  0,  0],
         [ 0,  0,  0,  0,  0,  0,  0,  0,  0,  0],
         [ 0,  0,  0,  0,  0,  0,  0,  0,  0,  0],
         [ 0,  0,  0,  0,  0,  0,  0,  0,  0,  0],
         [ 0,  0,  0,  0,  0,  0,  0,  0,  0,  0],
         [ 0,  0,  0,  0,  0,  0,  0,  0,  0,  0],
         [ 0,  0,  0,  0,  0,  0,  0,  0,  0,  0]]])
X:
tensor([[73,  0,  0,  0,  0,  0,  0,  0,  0,  0,  0,  0,  0,  0,  0,  0,  0,  0,
          0,  0,  0,  0,  0,  0]])
--------------------
Loop i = 1
Xsample: tensor([74])
Fto_vec: tensor([[51,  0,  0,  0,  0,  0,  0,  0,  0,  0,  0,  0,  0,  0,  0,  0,  0,  0,
          0,  0,  0,  0,  0,  0]])
Ffrom_vec: tensor([[51,  0,  0,  0,  0,  0,  0,  0,  0,  0,  0,  0,  0,  0,  0,  0,  0,  0,
          0,  0,  0,  0,  0,  0]])
true_node: 7
true_node_prob: 0.019019223749637604
node_nll: 7.8303542137146
best_node: tensor([103])
xxxxx
Edge loop [j,i] = [0, 1]
true_edge_to: 50
true_edge_to_prob: 0.9651381373405457
fto_nll: 0.03575963154435158
true_edge_from: 50
true_edge_from_prob: 0.8371840715408325
ffrom_nll: 0.17854587733745575
xxxxx
Edge loop [j,i] = [1, 1]
true_edge_to: 50
true_edge_to_prob: 0.8327667117118835
fto_nll: 0.2187613546848297
true_edge_from: 19
true_edge_from_prob: 0.6368051767349243
ffrom_nll: 0.6298373937606812
Fto:
tensor([[[ 0, 51, 51,  0,  0,  0,  0,  0,  0,  0],
         [ 0,  0, 51,  0,  0,  0,  0,  0,  0,  0],
         [ 0,  0,  0,  0,  0,  0,  0,  0,  0,  0],
         [ 0,  0,  0,  0,  0,  0,  0,  0,  0,  0],
         [ 0,  0,  0,  0,  0,  0,  0,  0,  0,  0],
         [ 0,  0,  0,  0,  0,  0,  0,  0,  0,  0],
         [ 0,  0,  0,  0,  0,  0,  0,  0,  0,  0],
         [ 0,  0,  0,  0,  0,  0,  0,  0,  0,  0],
         [ 0,  0,  0,  0,  0,  0,  0,  0,  0,  0],
         [ 0,  0,  0,  0,  0,  0,  0,  0,  0,  0]]])
Ffrom:
tensor([[[ 0, 51, 51,  0,  0,  0,  0,  0,  0,  0],
         [ 0,  0, 20,  0,  0,  0,  0,  0,  0,  0],
         [ 0,  0,  0,  0,  0,  0,  0,  0,  0,  0],
         [ 0,  0,  0,  0,  0,  0,  0,  0,  0,  0],
         [ 0,  0,  0,  0,  0,  0,  0,  0,  0,  0],
         [ 0,  0,  0,  0,  0,  0,  0,  0,  0,  0],
         [ 0,  0,  0,  0,  0,  0,  0,  0,  0,  0],
         [ 0,  0,  0,  0,  0,  0,  0,  0,  0,  0],
         [ 0,  0,  0,  0,  0,  0,  0,  0,  0,  0],
         [ 0,  0,  0,  0,  0,  0,  0,  0,  0,  0]]])
X:
tensor([[73, 74,  0,  0,  0,  0,  0,  0,  0,  0,  0,  0,  0,  0,  0,  0,  0,  0,
          0,  0,  0,  0,  0,  0]])
--------------------
Loop i = 2
Xsample: tensor([8])
Fto_vec: tensor([[51, 51,  0,  0,  0,  0,  0,  0,  0,  0,  0,  0,  0,  0,  0,  0,  0,  0,
          0,  0,  0,  0,  0,  0]])
Ffrom_vec: tensor([[51, 20,  0,  0,  0,  0,  0,  0,  0,  0,  0,  0,  0,  0,  0,  0,  0,  0,
          0,  0,  0,  0,  0,  0]])
true_node: 62
true_node_prob: 0.006186132784932852
node_nll: 12.915799140930176
best_node: tensor([39])
xxxxx
Edge loop [j,i] = [0, 2]
true_edge_to: 50
true_edge_to_prob: 0.8939263224601746
fto_nll: 0.33089327812194824
true_edge_from: 50
true_edge_from_prob: 0.9914366602897644
ffrom_nll: 0.6384376287460327
xxxxx
Edge loop [j,i] = [1, 2]
true_edge_to: 50
true_edge_to_prob: 0.9997157454490662
fto_nll: 0.33117756247520447
true_edge_from: 50
true_edge_from_prob: 0.9998358488082886
ffrom_nll: 0.6386017799377441
xxxxx
Edge loop [j,i] = [2, 2]
true_edge_to: 50
true_edge_to_prob: 0.9450575709342957
fto_nll: 0.38768699765205383
true_edge_from: 7
true_edge_from_prob: 0.7994903922080994
ffrom_nll: 0.8623825311660767
Fto:
tensor([[[ 0, 51, 51, 51,  0,  0,  0,  0,  0,  0],
         [ 0,  0, 51, 51,  0,  0,  0,  0,  0,  0],
         [ 0,  0,  0, 51,  0,  0,  0,  0,  0,  0],
         [ 0,  0,  0,  0,  0,  0,  0,  0,  0,  0],
         [ 0,  0,  0,  0,  0,  0,  0,  0,  0,  0],
         [ 0,  0,  0,  0,  0,  0,  0,  0,  0,  0],
         [ 0,  0,  0,  0,  0,  0,  0,  0,  0,  0],
         [ 0,  0,  0,  0,  0,  0,  0,  0,  0,  0],
         [ 0,  0,  0,  0,  0,  0,  0,  0,  0,  0],
         [ 0,  0,  0,  0,  0,  0,  0,  0,  0,  0]]])
Ffrom:
tensor([[[ 0, 51, 51, 51,  0,  0,  0,  0,  0,  0],
         [ 0,  0, 20, 51,  0,  0,  0,  0,  0,  0],
         [ 0,  0,  0,  8,  0,  0,  0,  0,  0,  0],
         [ 0,  0,  0,  0,  0,  0,  0,  0,  0,  0],
         [ 0,  0,  0,  0,  0,  0,  0,  0,  0,  0],
         [ 0,  0,  0,  0,  0,  0,  0,  0,  0,  0],
         [ 0,  0,  0,  0,  0,  0,  0,  0,  0,  0],
         [ 0,  0,  0,  0,  0,  0,  0,  0,  0,  0],
         [ 0,  0,  0,  0,  0,  0,  0,  0,  0,  0],
         [ 0,  0,  0,  0,  0,  0,  0,  0,  0,  0]]])
X:
tensor([[73, 74,  8,  0,  0,  0,  0,  0,  0,  0,  0,  0,  0,  0,  0,  0,  0,  0,
          0,  0,  0,  0,  0,  0]])
--------------------
Loop i = 3
Xsample: tensor([63])
Fto_vec: tensor([[51, 51, 51,  0,  0,  0,  0,  0,  0,  0,  0,  0,  0,  0,  0,  0,  0,  0,
          0,  0,  0,  0,  0,  0]])
Ffrom_vec: tensor([[51, 51,  8,  0,  0,  0,  0,  0,  0,  0,  0,  0,  0,  0,  0,  0,  0,  0,
          0,  0,  0,  0,  0,  0]])
true_node: 103
true_node_prob: 0.07601642608642578
node_nll: 15.492605209350586
best_node: tensor([103])
xxxxx
Edge loop [j,i] = [0, 3]
true_edge_to: 50
true_edge_to_prob: 0.9867534041404724
fto_nll: 0.4010221064090729
true_edge_from: 50
true_edge_from_prob: 0.9994619488716125
ffrom_nll: 0.8629207015037537
xxxxx
Edge loop [j,i] = [1, 3]
true_edge_to: 50
true_edge_to_prob: 0.9939839243888855
fto_nll: 0.40705636143684387
true_edge_from: 50
true_edge_from_prob: 0.9990409016609192
ffrom_nll: 0.8638802766799927
xxxxx
Edge loop [j,i] = [2, 3]
true_edge_to: 50
true_edge_to_prob: 0.8896125555038452
fto_nll: 0.5240256190299988
true_edge_from: 50
true_edge_from_prob: 0.7534563541412354
ffrom_nll: 1.146964430809021
xxxxx
Edge loop [j,i] = [3, 3]
true_edge_to: 50
true_edge_to_prob: 0.9597886800765991
fto_nll: 0.5650677680969238
true_edge_from: 50
true_edge_from_prob: 0.8674372434616089
ffrom_nll: 1.2891765832901
Fto:
tensor([[[ 0, 51, 51, 51, 51,  0,  0,  0,  0,  0],
         [ 0,  0, 51, 51, 51,  0,  0,  0,  0,  0],
         [ 0,  0,  0, 51, 51,  0,  0,  0,  0,  0],
         [ 0,  0,  0,  0, 51,  0,  0,  0,  0,  0],
         [ 0,  0,  0,  0,  0,  0,  0,  0,  0,  0],
         [ 0,  0,  0,  0,  0,  0,  0,  0,  0,  0],
         [ 0,  0,  0,  0,  0,  0,  0,  0,  0,  0],
         [ 0,  0,  0,  0,  0,  0,  0,  0,  0,  0],
         [ 0,  0,  0,  0,  0,  0,  0,  0,  0,  0],
         [ 0,  0,  0,  0,  0,  0,  0,  0,  0,  0]]])
Ffrom:
tensor([[[ 0, 51, 51, 51, 51,  0,  0,  0,  0,  0],
         [ 0,  0, 20, 51, 51,  0,  0,  0,  0,  0],
         [ 0,  0,  0,  8, 51,  0,  0,  0,  0,  0],
         [ 0,  0,  0,  0, 51,  0,  0,  0,  0,  0],
         [ 0,  0,  0,  0,  0,  0,  0,  0,  0,  0],
         [ 0,  0,  0,  0,  0,  0,  0,  0,  0,  0],
         [ 0,  0,  0,  0,  0,  0,  0,  0,  0,  0],
         [ 0,  0,  0,  0,  0,  0,  0,  0,  0,  0],
         [ 0,  0,  0,  0,  0,  0,  0,  0,  0,  0],
         [ 0,  0,  0,  0,  0,  0,  0,  0,  0,  0]]])
X:
tensor([[73, 74,  8, 63,  0,  0,  0,  0,  0,  0,  0,  0,  0,  0,  0,  0,  0,  0,
          0,  0,  0,  0,  0,  0]])
--------------------
Loop i = 4
Xsample: tensor([104])
Fto_vec: tensor([[51, 51, 51, 51,  0,  0,  0,  0,  0,  0,  0,  0,  0,  0,  0,  0,  0,  0,
          0,  0,  0,  0,  0,  0]])
Ffrom_vec: tensor([[51, 51, 51, 51,  0,  0,  0,  0,  0,  0,  0,  0,  0,  0,  0,  0,  0,  0,
          0,  0,  0,  0,  0,  0]])
true_node: 135
true_node_prob: 0.17021049559116364
node_nll: 17.263324737548828
best_node: tensor([103])
xxxxx
Edge loop [j,i] = [0, 4]
true_edge_to: 50
true_edge_to_prob: 0.8751522898674011
fto_nll: 0.6984251141548157
true_edge_from: 50
true_edge_from_prob: 0.8270533084869385
ffrom_nll: 1.4790626764297485
xxxxx
Edge loop [j,i] = [1, 4]
true_edge_to: 50
true_edge_to_prob: 0.9995889067649841
fto_nll: 0.6988362669944763
true_edge_from: 50
true_edge_from_prob: 0.9995030164718628
ffrom_nll: 1.4795597791671753
xxxxx
Edge loop [j,i] = [2, 4]
true_edge_to: 50
true_edge_to_prob: 0.8823072910308838
fto_nll: 0.8240511417388916
true_edge_from: 7
true_edge_from_prob: 0.4047873616218567
ffrom_nll: 2.383953094482422
xxxxx
Edge loop [j,i] = [3, 4]
true_edge_to: 50
true_edge_to_prob: 0.9151670932769775
fto_nll: 0.9126997590065002
true_edge_from: 50
true_edge_from_prob: 0.9142267107963562
ffrom_nll: 2.4736297130584717
xxxxx
Edge loop [j,i] = [4, 4]
true_edge_to: 50
true_edge_to_prob: 0.9814008474349976
fto_nll: 0.9314740300178528
true_edge_from: 50
true_edge_from_prob: 0.9887039065361023
ffrom_nll: 2.484990119934082
Fto:
tensor([[[ 0, 51, 51, 51, 51, 51,  0,  0,  0,  0],
         [ 0,  0, 51, 51, 51, 51,  0,  0,  0,  0],
         [ 0,  0,  0, 51, 51, 51,  0,  0,  0,  0],
         [ 0,  0,  0,  0, 51, 51,  0,  0,  0,  0],
         [ 0,  0,  0,  0,  0, 51,  0,  0,  0,  0],
         [ 0,  0,  0,  0,  0,  0,  0,  0,  0,  0],
         [ 0,  0,  0,  0,  0,  0,  0,  0,  0,  0],
         [ 0,  0,  0,  0,  0,  0,  0,  0,  0,  0],
         [ 0,  0,  0,  0,  0,  0,  0,  0,  0,  0],
         [ 0,  0,  0,  0,  0,  0,  0,  0,  0,  0]]])
Ffrom:
tensor([[[ 0, 51, 51, 51, 51, 51,  0,  0,  0,  0],
         [ 0,  0, 20, 51, 51, 51,  0,  0,  0,  0],
         [ 0,  0,  0,  8, 51,  8,  0,  0,  0,  0],
         [ 0,  0,  0,  0, 51, 51,  0,  0,  0,  0],
         [ 0,  0,  0,  0,  0, 51,  0,  0,  0,  0],
         [ 0,  0,  0,  0,  0,  0,  0,  0,  0,  0],
         [ 0,  0,  0,  0,  0,  0,  0,  0,  0,  0],
         [ 0,  0,  0,  0,  0,  0,  0,  0,  0,  0],
         [ 0,  0,  0,  0,  0,  0,  0,  0,  0,  0],
         [ 0,  0,  0,  0,  0,  0,  0,  0,  0,  0]]])
X:
tensor([[ 73,  74,   8,  63, 104,   0,   0,   0,   0,   0,   0,   0,   0,   0,
           0,   0,   0,   0,   0,   0,   0,   0,   0,   0]])
--------------------
Loop i = 5
Xsample: tensor([136])
Fto_vec: tensor([[51, 51, 51, 51, 51,  0,  0,  0,  0,  0,  0,  0,  0,  0,  0,  0,  0,  0,
          0,  0,  0,  0,  0,  0]])
Ffrom_vec: tensor([[51, 51,  8, 51, 51,  0,  0,  0,  0,  0,  0,  0,  0,  0,  0,  0,  0,  0,
          0,  0,  0,  0,  0,  0]])
true_node: 103
true_node_prob: 0.12903235852718353
node_nll: 19.311016082763672
best_node: tensor([103])
xxxxx
Edge loop [j,i] = [0, 5]
true_edge_to: 50
true_edge_to_prob: 0.9905499815940857
fto_nll: 0.9409689903259277
true_edge_from: 50
true_edge_from_prob: 0.9994654059410095
ffrom_nll: 2.485524892807007
xxxxx
Edge loop [j,i] = [1, 5]
true_edge_to: 50
true_edge_to_prob: 0.9944776296615601
fto_nll: 0.946506679058075
true_edge_from: 50
true_edge_from_prob: 0.9994786381721497
ffrom_nll: 2.486046314239502
xxxxx
Edge loop [j,i] = [2, 5]
true_edge_to: 30
true_edge_to_prob: 0.0835457369685173
fto_nll: 3.428867816925049
true_edge_from: 22
true_edge_from_prob: 0.009245624765753746
ffrom_nll: 7.169651031494141
xxxxx
Edge loop [j,i] = [3, 5]
true_edge_to: 50
true_edge_to_prob: 0.9702698588371277
fto_nll: 3.4590487480163574
true_edge_from: 50
true_edge_from_prob: 0.8406432271003723
ffrom_nll: 7.343238830566406
xxxxx
Edge loop [j,i] = [4, 5]
true_edge_to: 50
true_edge_to_prob: 0.9982656836509705
fto_nll: 3.460784673690796
true_edge_from: 50
true_edge_from_prob: 0.9944366216659546
ffrom_nll: 7.348817825317383
xxxxx
Edge loop [j,i] = [5, 5]
true_edge_to: 50
true_edge_to_prob: 0.9651835560798645
fto_nll: 3.4962215423583984
true_edge_from: 50
true_edge_from_prob: 0.9908064007759094
ffrom_nll: 7.358054161071777
Fto:
tensor([[[ 0, 51, 51, 51, 51, 51, 51,  0,  0,  0],
         [ 0,  0, 51, 51, 51, 51, 51,  0,  0,  0],
         [ 0,  0,  0, 51, 51, 51, 31,  0,  0,  0],
         [ 0,  0,  0,  0, 51, 51, 51,  0,  0,  0],
         [ 0,  0,  0,  0,  0, 51, 51,  0,  0,  0],
         [ 0,  0,  0,  0,  0,  0, 51,  0,  0,  0],
         [ 0,  0,  0,  0,  0,  0,  0,  0,  0,  0],
         [ 0,  0,  0,  0,  0,  0,  0,  0,  0,  0],
         [ 0,  0,  0,  0,  0,  0,  0,  0,  0,  0],
         [ 0,  0,  0,  0,  0,  0,  0,  0,  0,  0]]])
Ffrom:
tensor([[[ 0, 51, 51, 51, 51, 51, 51,  0,  0,  0],
         [ 0,  0, 20, 51, 51, 51, 51,  0,  0,  0],
         [ 0,  0,  0,  8, 51,  8, 23,  0,  0,  0],
         [ 0,  0,  0,  0, 51, 51, 51,  0,  0,  0],
         [ 0,  0,  0,  0,  0, 51, 51,  0,  0,  0],
         [ 0,  0,  0,  0,  0,  0, 51,  0,  0,  0],
         [ 0,  0,  0,  0,  0,  0,  0,  0,  0,  0],
         [ 0,  0,  0,  0,  0,  0,  0,  0,  0,  0],
         [ 0,  0,  0,  0,  0,  0,  0,  0,  0,  0],
         [ 0,  0,  0,  0,  0,  0,  0,  0,  0,  0]]])
X:
tensor([[ 73,  74,   8,  63, 104, 136,   0,   0,   0,   0,   0,   0,   0,   0,
           0,   0,   0,   0,   0,   0,   0,   0,   0,   0]])
--------------------
Loop i = 6
Xsample: tensor([104])
Fto_vec: tensor([[51, 51, 31, 51, 51, 51,  0,  0,  0,  0,  0,  0,  0,  0,  0,  0,  0,  0,
          0,  0,  0,  0,  0,  0]])
Ffrom_vec: tensor([[51, 51, 23, 51, 51, 51,  0,  0,  0,  0,  0,  0,  0,  0,  0,  0,  0,  0,
          0,  0,  0,  0,  0,  0]])
true_node: 73
true_node_prob: 0.10311581194400787
node_nll: 21.582918167114258
best_node: tensor([103])
xxxxx
Edge loop [j,i] = [0, 6]
true_edge_to: 50
true_edge_to_prob: 0.9998156428337097
fto_nll: 3.496405839920044
true_edge_from: 50
true_edge_from_prob: 0.9997665286064148
ffrom_nll: 7.358287811279297
xxxxx
Edge loop [j,i] = [1, 6]
true_edge_to: 50
true_edge_to_prob: 0.9972834587097168
fto_nll: 3.4991261959075928
true_edge_from: 50
true_edge_from_prob: 0.9960088729858398
ffrom_nll: 7.3622870445251465
xxxxx
Edge loop [j,i] = [2, 6]
true_edge_to: 19
true_edge_to_prob: 0.6430858373641968
fto_nll: 3.940603256225586
true_edge_from: 50
true_edge_from_prob: 0.8718920946121216
ffrom_nll: 7.4993767738342285
xxxxx
Edge loop [j,i] = [3, 6]
true_edge_to: 50
true_edge_to_prob: 0.9998425245285034
fto_nll: 3.940760850906372
true_edge_from: 50
true_edge_from_prob: 0.9981231093406677
ffrom_nll: 7.501255512237549
xxxxx
Edge loop [j,i] = [4, 6]
true_edge_to: 50
true_edge_to_prob: 0.9994674324989319
fto_nll: 3.941293478012085
true_edge_from: 50
true_edge_from_prob: 0.9876262545585632
ffrom_nll: 7.513706684112549
xxxxx
Edge loop [j,i] = [5, 6]
true_edge_to: 50
true_edge_to_prob: 0.9996592998504639
fto_nll: 3.941634178161621
true_edge_from: 50
true_edge_from_prob: 0.9994978904724121
ffrom_nll: 7.514208793640137
xxxxx
Edge loop [j,i] = [6, 6]
true_edge_to: 50
true_edge_to_prob: 0.9997065663337708
fto_nll: 3.941927671432495
true_edge_from: 50
true_edge_from_prob: 0.9906813502311707
ffrom_nll: 7.523571014404297
Fto:
tensor([[[ 0, 51, 51, 51, 51, 51, 51, 51,  0,  0],
         [ 0,  0, 51, 51, 51, 51, 51, 51,  0,  0],
         [ 0,  0,  0, 51, 51, 51, 31, 20,  0,  0],
         [ 0,  0,  0,  0, 51, 51, 51, 51,  0,  0],
         [ 0,  0,  0,  0,  0, 51, 51, 51,  0,  0],
         [ 0,  0,  0,  0,  0,  0, 51, 51,  0,  0],
         [ 0,  0,  0,  0,  0,  0,  0, 51,  0,  0],
         [ 0,  0,  0,  0,  0,  0,  0,  0,  0,  0],
         [ 0,  0,  0,  0,  0,  0,  0,  0,  0,  0],
         [ 0,  0,  0,  0,  0,  0,  0,  0,  0,  0]]])
Ffrom:
tensor([[[ 0, 51, 51, 51, 51, 51, 51, 51,  0,  0],
         [ 0,  0, 20, 51, 51, 51, 51, 51,  0,  0],
         [ 0,  0,  0,  8, 51,  8, 23, 51,  0,  0],
         [ 0,  0,  0,  0, 51, 51, 51, 51,  0,  0],
         [ 0,  0,  0,  0,  0, 51, 51, 51,  0,  0],
         [ 0,  0,  0,  0,  0,  0, 51, 51,  0,  0],
         [ 0,  0,  0,  0,  0,  0,  0, 51,  0,  0],
         [ 0,  0,  0,  0,  0,  0,  0,  0,  0,  0],
         [ 0,  0,  0,  0,  0,  0,  0,  0,  0,  0],
         [ 0,  0,  0,  0,  0,  0,  0,  0,  0,  0]]])
X:
tensor([[ 73,  74,   8,  63, 104, 136, 104,   0,   0,   0,   0,   0,   0,   0,
           0,   0,   0,   0,   0,   0,   0,   0,   0,   0]])
--------------------
Loop i = 7
Xsample: tensor([74])
Fto_vec: tensor([[51, 51, 20, 51, 51, 51, 51,  0,  0,  0,  0,  0,  0,  0,  0,  0,  0,  0,
          0,  0,  0,  0,  0,  0]])
Ffrom_vec: tensor([[51, 51, 51, 51, 51, 51, 51,  0,  0,  0,  0,  0,  0,  0,  0,  0,  0,  0,
          0,  0,  0,  0,  0,  0]])
true_node: 60
true_node_prob: 0.12222518026828766
node_nll: 23.6848087310791
best_node: tensor([39])
xxxxx
Edge loop [j,i] = [0, 7]
true_edge_to: 50
true_edge_to_prob: 0.9967873096466064
fto_nll: 3.945145606994629
true_edge_from: 50
true_edge_from_prob: 0.9988853335380554
ffrom_nll: 7.524686336517334
xxxxx
Edge loop [j,i] = [1, 7]
true_edge_to: 50
true_edge_to_prob: 0.9985374212265015
fto_nll: 3.9466092586517334
true_edge_from: 50
true_edge_from_prob: 0.9996522665023804
ffrom_nll: 7.525033950805664
xxxxx
Edge loop [j,i] = [2, 7]
true_edge_to: 50
true_edge_to_prob: 0.12372395396232605
fto_nll: 6.036311626434326
true_edge_from: 50
true_edge_from_prob: 0.8361315131187439
ffrom_nll: 7.70400333404541
xxxxx
Edge loop [j,i] = [3, 7]
true_edge_to: 50
true_edge_to_prob: 0.9996540546417236
fto_nll: 6.036657810211182
true_edge_from: 50
true_edge_from_prob: 0.9951992630958557
ffrom_nll: 7.708815574645996
xxxxx
Edge loop [j,i] = [4, 7]
true_edge_to: 50
true_edge_to_prob: 0.999432384967804
fto_nll: 6.037225723266602
true_edge_from: 50
true_edge_from_prob: 0.994640588760376
ffrom_nll: 7.714189529418945
xxxxx
Edge loop [j,i] = [5, 7]
true_edge_to: 50
true_edge_to_prob: 0.998648464679718
fto_nll: 6.038578033447266
true_edge_from: 50
true_edge_from_prob: 0.9929184317588806
ffrom_nll: 7.721296310424805
xxxxx
Edge loop [j,i] = [6, 7]
true_edge_to: 50
true_edge_to_prob: 0.9991843104362488
fto_nll: 6.039393901824951
true_edge_from: 50
true_edge_from_prob: 0.9984623193740845
ffrom_nll: 7.722835063934326
xxxxx
Edge loop [j,i] = [7, 7]
true_edge_to: 50
true_edge_to_prob: 0.9986230134963989
fto_nll: 6.040771961212158
true_edge_from: 50
true_edge_from_prob: 0.9995355606079102
ffrom_nll: 7.723299503326416
Fto:
tensor([[[ 0, 51, 51, 51, 51, 51, 51, 51, 51,  0],
         [ 0,  0, 51, 51, 51, 51, 51, 51, 51,  0],
         [ 0,  0,  0, 51, 51, 51, 31, 20, 51,  0],
         [ 0,  0,  0,  0, 51, 51, 51, 51, 51,  0],
         [ 0,  0,  0,  0,  0, 51, 51, 51, 51,  0],
         [ 0,  0,  0,  0,  0,  0, 51, 51, 51,  0],
         [ 0,  0,  0,  0,  0,  0,  0, 51, 51,  0],
         [ 0,  0,  0,  0,  0,  0,  0,  0, 51,  0],
         [ 0,  0,  0,  0,  0,  0,  0,  0,  0,  0],
         [ 0,  0,  0,  0,  0,  0,  0,  0,  0,  0]]])
Ffrom:
tensor([[[ 0, 51, 51, 51, 51, 51, 51, 51, 51,  0],
         [ 0,  0, 20, 51, 51, 51, 51, 51, 51,  0],
         [ 0,  0,  0,  8, 51,  8, 23, 51, 51,  0],
         [ 0,  0,  0,  0, 51, 51, 51, 51, 51,  0],
         [ 0,  0,  0,  0,  0, 51, 51, 51, 51,  0],
         [ 0,  0,  0,  0,  0,  0, 51, 51, 51,  0],
         [ 0,  0,  0,  0,  0,  0,  0, 51, 51,  0],
         [ 0,  0,  0,  0,  0,  0,  0,  0, 51,  0],
         [ 0,  0,  0,  0,  0,  0,  0,  0,  0,  0],
         [ 0,  0,  0,  0,  0,  0,  0,  0,  0,  0]]])
X:
tensor([[ 73,  74,   8,  63, 104, 136, 104,  74,   0,   0,   0,   0,   0,   0,
           0,   0,   0,   0,   0,   0,   0,   0,   0,   0]])
