507.7998962402344
62.58074188232422
118.88067626953125
46.30033874511719
24.81390380859375
18.374536514282227
1208.341796875
153.974609375
173.26123046875
97.10890197753906
194.775146484375
4594.4853515625
421.7351379394531
79.33334350585938
1492.8055419921875
290.4234619140625
117.36766052246094
109.0167236328125
163.0124053955078
18.590377807617188
1599.9189453125
109.48453521728516
122.53414916992188
187.58697509765625
999.724609375
103.4656753540039
68.2309799194336
1576.0421142578125
45.979312896728516
800.9873657226562
63.85824203491211
155.21461486816406
67.09617614746094
0
45.63170623779297
214.2890625
2396.6240234375
791.3154296875
135.87704467773438
13.618060111999512
93.67259216308594
3877.571044921875
168.0220947265625
41.399051666259766
150.68826293945312
1290.5263671875
265.85797119140625
1429.8187255859375
110.10743713378906
22.694835662841797
2157.26220703125
213.7392120361328
248.8014373779297
126.88438415527344
97.23062133789062
2038.4564208984375
116.04116821289062
3588.09228515625
99.69729614257812
40.101078033447266
100.67095947265625
843.1171875
147.57693481445312
169.4459686279297
2703.54150390625
276.2234802246094
274.1241149902344
54.79759979248047
168.540771484375
550.1964111328125
11.797932624816895
77.58037567138672
72.8224105834961
231.0347442626953
133.0222625732422
192.550537109375
46.51908874511719
43.32026290893555
117.34326171875
515.6478881835938
36.771018981933594
150.06065368652344
1963.30712890625
966.952392578125
2647.9521484375
3210.656494140625
127.25202941894531
61.17375946044922
99.36566925048828
132.83058166503906
1382.05859375
62.02184295654297
2367.046630859375
299.1250305175781
26.068031311035156
84.73898315429688
503.5438232421875
30.82912826538086
811.02734375
22.04085350036621
146.2178955078125
100.68514251708984
106.1092529296875
920.5722045898438
458.84783935546875
0
278.055419921875
109.41172790527344
1463.988037109375
67.14173889160156
100.1231460571289
226.30645751953125
324.32147216796875
727.743896484375
90.16390991210938
281.3585510253906
78.56057739257812
38.195648193359375
90.00321960449219
161.95809936523438
156.3317108154297
94.53028106689453
79.97811126708984
109.62183380126953
108.31977844238281
117.66649627685547
270.58251953125
29.229215621948242
0
167.89523315429688
4154.00244140625
86.15122985839844
135.84429931640625
9.981158256530762
120.01600646972656
5.936155319213867
87.51437377929688
0
198.82017517089844
221.29904174804688
114.68231201171875
175.02944946289062
154.09786987304688
107.64817810058594
114.31199645996094
31.185604095458984
189.526611328125
24.338539123535156
22.376251220703125
117.65530395507812
53.135704040527344
67.88385772705078
210.12600708007812
51.66404724121094
98.75415802001953
23.882490158081055
51.059608459472656
96.57147979736328
179.82891845703125
90.556884765625
322.00250244140625
368.2548522949219
101.72372436523438
71.10517883300781
12.301984786987305
12.052536964416504
303.4193115234375
325.0129089355469
75.04544830322266
57.73841857910156
1664.29345703125
220.7308807373047
646.1875
89.23668670654297
11.314556121826172
132.96310424804688
220.23452758789062
90.72199249267578
389.6963195800781
73.77912139892578
0
109.32823181152344
92.25389099121094
1145.107666015625
37.83354187011719
36.83247756958008
183.47509765625
211.7469024658203
70.04501342773438
229.8788299560547
120.16981506347656
1767.0377197265625
287.9082336425781
87.14096069335938
87.8279037475586
51.867820739746094
1303.131103515625
187.1251678466797
1144.3648681640625
